0.03177151744694487 1.4974022143297239114358629879162926743685412243136e-6
0.03360413400161222 2.2419495965308080554408134051929505656940706214261e-6
0.03554245792269821 3.1739120536708712303853806152784190796885325419298e-6
0.03759258652897187 4.2987451358969690840614548887749819437775601054039e-6
0.03976096883934789 5.7015076923707091574794003294660791325556671274015e-6
0.04205442585934327 7.7312060493721858380607549156030570355503711759845e-6
0.044480172037679296 0.000010957703364314684855380344745316413106590433163318
0.047045837960524334 0.000016048616995485719121022931254219374980458662671418
0.04975949435476573 0.000023894854703620501292757611637762954475416622132529
0.052629677475817406 0.000036406699880564874863498463107205023573730081290546
0.05566541595982427 0.000056654265714810140402453535846487754956918630133671
0.05887625922473188 0.000088592617186757450159396299401066094648021185054677
0.06227230750956145 0.0001371229543140348238859320026452502273169248608549
0.06586424364638364 0.00020952775028110545021614079389434676503229303117993
0.06966336666493537 0.00031622701711901786683660506357038636182598415146658
0.07368162733558829 0.00047069038242107299477155406680632128964025320302042
0.07793166576247539 0.00069016288309140390644471783925835081054393080770406
0.0824268511450309 0.0010016063936357314256979853210335949627586394565785
0.08718132383302052 0.001443658743924793710632881858409997693372105932788
0.09221003980735216 0.0020627471962415860358621462620143432598686405239866
0.09752881772658994 0.0029091902153112301409578713640942507316428219685105
0.1031543886871633 0.0040340292150018300486429573715775030755267817348979
0.10910444885380048 0.0054900823904049584996357800044246382517185640263217
0.11539771512574425 0.0073365687291363513287568515974477605262657580008579
0.12205398401385685 0.0096442045966264344519300405215373479982370254143308
0.12909419391382204 0.01250817125417775890006305817715931276294693296772
0.13654049097133494 0.016053394796145054469939454817484143393771012763863
0.14441629874646963 0.020419897754039253123503904254923913683740051855713
0.15274639189636466 0.025746355404905885771762714564081401078821337619524
0.16155697410800846 0.032151164003615017739507297977231311436086815113715
0.1708757605262747 0.039725907625966795832178584572600406481187026805855
0.18073206493649846 0.048553238769584402544166059453417277155175395165979
0.19115689197584063 0.058726432957365400286023044280064902997128335218839
0.2021830346635066 0.070363638095333645060114863044072000535830775807655
0.21384517755661708 0.08360195779257009764313428332380286651235055085861
0.2261800058562241 0.098562099951033594444726525644354357881978593662802
0.239226320806684 0.11530870398076873429997193269410386476361939662531
0.25302516175139456 0.1338200959241077227272031965046448323474573744764
0.26761993522884386 0.15398324432996121086270525027782518295668761593375
0.28305655151506226 0.17562443236310106086684150864628013577340520608394
0.29938356904199614 0.1985497252115245840579786735641180535603345730843
0.31665234714609364 0.22257032956834463187750954929515710832604739190208
0.33491720762760036 0.24749372181261709412354343549087392965386475650893
0.35423560562877365 0.27309423414287681769952181677108902003017414435854
0.3746683103685444 0.29907641885006403670058532342673710219941994768754
0.3962795963021555 0.32505233325014526961995091152912828237821484822471
0.41913744530709984 0.35055344261954774113528251842772385287235432777195
0.44331376053137106 0.37505478500076312658139095306742557987809569152015
0.46888459257671766 0.39800920869065997447727376913204536043587091005729
0.495930378728401 0.4188869643194814838248025954388019339774275757259
0.5245361959839915 0.43720880879763788189645172891726510353982847780222
0.554792028677149 0.45255715246105944705414645887943871182138835416497
0.5867930515382398 0.46457723108644624056792582948285312859007395901689
0.6206399290822063 0.47298055366821121578313715567312808975964450146088
0.6564391322654648 0.47756138655324998590583458313276616060789666324081
0.6943032734079218 0.47822456442476380522300497947496967543779740609572
0.7343514604336706 0.47499665673173838803201799201200859572715155383391
0.7767096715446824 0.46801125932835078867218374495755577021678958017867
0.8215111515060965 0.45745998151270137645540898732398311868655328859353
0.8688968307896863 0.44356797010197706158303382061886261889699922171965
0.9190157688939882 0.42661330032540510847719117309894398896023333351309
0.9720256232356292 0.40695350529345417013675556711968207662538366229365
1.028093145086832 0.38504485360935403333586017098825799349897572043951
1.0873947041191445 0.3614335205258836932120572561786270982254217974453
1.1501168432034385 0.33671251245766550582205667782715287972509414768071
1.216456865211391 0.31146557025526323624948349775903612543713060268812
1.2866234536643295 0.28621673893109103451244125655799181343678823810281
1.3608373291817941 0.26140014097769868611828723623108663707635465418612
1.4393319437947847 0.2373528553022147886527677352495952961343489190619
1.5223542153077718 0.21432138014676816084552262940241981069999146186152
1.6101653040195234 0.19247556207484792137342912406871619364610204172955
1.7030414342460602 0.17192439857202712041107271153224602175096213897724
1.8012747632299695 0.1527303740413901866236211781225593353263305613821
1.9051743001693728 0.13492178559501726410779743611432027227890657455496
2.0150668782575156 0.11850204197627218531884971340256940063666863187718
2.1312981827906787 0.10345588004474081966765119527637773286756904393984
2.254233838578508 0.089753310846940143873832112522854184446183458020243
2.384260560077375 0.077352269376925208483982047342071892925074747618227
2.521787367864719 0.066200770532190226868219421176699182289996273266876
2.6672468752809837 0.056238978931281850275027054361556558868465452788731
2.8210966492864964 0.047401217902176918436643650285237667777496175643102
2.983820649814087 0.039617819259065170666059189053080673196291870449741
3.155930752145174 0.032816550678714062948793532098614153546347412896916
3.337968357098197 0.026923611156135980163237587621622241756344532800082
3.5305060940945183 0.021864277512252559026400789017535049221888010207055
3.734149622459063 0.017563424342087852112375939975646002107614201253096
3.9495395366219865 0.013946083737578428436272911832699917642247031711799
4.1773533812145 0.010938171132344110995133570991381538984802434473545
4.418307782397673 0.0084673487764709959820309375150623739305973406260567
4.67316070212865 0.0064639908819267490105954319438133408001061180806182
4.942713822455463 0.0048620977929025875734061463666451496697690969766215
5.227815067340638 0.0036001067082745673305434494024885320473192233794641
5.529361269946364 0.0026215341837367701451501592825683496469689872426175
5.848300993771691 0.0018754458798997782891344775768497971441129288532542
6.18563751651603 0.0013167444081151892542874010358662824180869525068417
6.542431986055249 0.00090627501694329364578709804039439105385555506766353
6.919806758457972 0.00061075426533343737658454286417077444856903636999882
7.318948928542405 0.00040251018824319024151756589305667080199519749707855
7.741114064079595 0.00025906993650492016326316791298247903043255055924985
8.187630155389696 0.00016262399277920876544585395570514066420317276379968
8.659901792755369 0.00009941481197982467229825236106306306959281433883511
9.159414584793037 0.000059096486831048718493491207347874658317862165661146
9.687739831680714 0.000034106087816472308794408966862491725740804184901021
10.24653946794283 0.000019078280153482492678196061081122569527332453697995
10.837571290340412 0.000010325558435299041648391447991224102974562564393615
11.462694487311765 5.3966910173153460560920059299307048506425489141435e-6
12.123875487357505 2.7182707645331650488991157228760335031584708123647e-6
12.823194144766912 1.3166124364188697287773643040520507650488820773167e-6
13.562850282143911 6.1179450914840551896726524180432454762003779863205e-7
14.345170610313243 2.7203409881586342615166183277543618981726020762707e-7
15.172616047374529 1.1541204868106234483104062568581275454838962854421e-7
16.047789459927532 4.6557438970384342078160304793086567808315333469304e-8
16.97344385081994 1.778253714961144143610751581821977812455893296408e-8
17.95249101917357 6.3971840056958607743994666501032189118063568424121e-9
18.98801071993051 2.1539323218959045267028708057466037077064644146966e-9
20.083260351732147 6.7399831905748579353630684945765707818978167270267e-10
21.241685203605808 1.9465253283338407794569197837310491299053098307905e-10
22.466929292691763 5.1610505490862191323621151251332886143315684005454e-11
23.762846827102347 1.2546168335007035641119739259256801532301886465096e-11