0.03177151744694487 3.7436725444161678974916835741626542620880228843817e-7
0.03360413400161222 5.6050715985314019102814979672033809832940215948441e-7
0.03554245792269821 7.9348781278044928095141161217273281159809221461799e-7
0.03759258652897187 1.0747139543554402478964964523679945885334845906931e-6
0.03976096883934789 1.4253658187395944757382386811917569506855366879108e-6
0.04205442585934327 1.9327981162885343039144339202382640106332527939762e-6
0.044480172037679296 2.7394494464612054395561089740332514087485584954095e-6
0.047045837960524334 4.0123085768008348384453100138729926266595549463459e-6
0.04975949435476573 5.9738016639983041447199120125921458454879695496375e-6
0.052629677475817406 9.101892174005037372916560544767039625985843051965e-6
0.05566541595982427 0.000014163966646468821498218357276681611242119658694146
0.05887625922473188 0.00002214846276193393330076299228999229014619541624701
0.06227230750956145 0.000034281069687577774988508402499149854564937288662157
0.06586424364638364 0.00005238260370935219561987426513005054428969815310961
0.06966336666493537 0.000079058025850649098792274220422854003469154243054502
0.07368162733558829 0.0001176739480268253672718553687621346771344957698598
0.07793166576247539 0.00017254457240001283809633918330608629635657105249419
0.0824268511450309 0.00025041112569886756903456188512154449933652880169881
0.08718132383302052 0.00036093609246263589463501441982512759640276919014427
0.09221003980735216 0.0005157331193252506320206128892116584808228813367604
0.09752881772658994 0.00072739442816083292928657894290517983250643701011749
0.1031543886871633 0.0010087056140862472178676268711689997841742272806445
0.10910444885380048 0.001372911985120842911651662233764476726758671875659
0.11539771512574425 0.001834881427310318456382089400144743686618773834791
0.12205398401385685 0.0024124136028258250247638265860317208597304681701462
0.12909419391382204 0.0031294871099902620640529480667862026861720962715012
0.13654049097133494 0.0040176311218608758642318044060933435166365721718701
0.14441629874646963 0.0051123556084732352363876076444926753583894907360142
0.15274639189636466 0.0064490717241335000594295864907523111941506827997509
0.16155697410800846 0.0080584970720580484001311114985870330197980430879078
0.1708757605262747 0.0099651155696958040413895913161940971399498546902503
0.18073206493649846 0.012191796935955482378892107077246165146926185133354
0.19115689197584063 0.01476496222614822532461542461238642504522169962776
0.2021830346635066 0.017718492064817922903329505639828516038910240125248
0.21384517755661708 0.021092695487520717248769886525614192908594750979106
0.2261800058562241 0.024925920226777148474009206835134580652377790574911
0.239226320806684 0.029244939435886873800889467165088655530148065358576
0.25302516175139456 0.034057533843518158831452451369559378704199161051625
0.26761993522884386 0.039351333953840740006393827297112163275499457964601
0.28305655151506226 0.045101620365676071439735484997992090730541340838609
0.29938356904199614 0.051281994535195924460911265930127706711320444776898
0.31665234714609364 0.05787154730813856046339374885941228814143431747362
0.33491720762760036 0.06485318322771086059252702575260286712428702945858
0.35423560562877365 0.072205976181117873359267308085969305507348358972825
0.3746683103685444 0.07989516068693534418074893546114815746756849506399
0.3962795963021555 0.087864011136119981170282241058264717473684442875751
0.41913744530709984 0.096034657855050081622378356913793165578748931523846
0.44331376053137106 0.10431145317094540434871673979989332326138869206771
0.46888459257671766 0.11258705867112000941801829721050575428265964648731
0.495930378728401 0.12075069257869962499164339590106860927884944595086
0.5245361959839915 0.1286951560368084646762496139062259470634577112849
0.554792028677149 0.13631780210337702836490264623819046624540646717962
0.5867930515382398 0.14351765542600266574939075973999252025443696281562
0.6206399290822063 0.15019270217991698973865184614157333657593325897517
0.6564391322654648 0.15624271657668258822536147161776929878803173912194
0.6943032734079218 0.16157908665055504840838327752465028840027687591238
0.7343514604336706 0.16613295107442279577713799189824428005324183207492
0.7767096715446824 0.16985412230130948935074981134555367490458066503136
0.8215111515060965 0.17268677574050488968910138029876135134175394224357
0.8688968307896863 0.17454771449591161626508349686478738276554650163661
0.9190157688939882 0.17532630481519905599425506913615739340532837089625
0.9720256232356292 0.17489836696157792007286259255981333564185828027295
1.028093145086832 0.17315806389428458740510444736724039153535067633861
1.0873947041191445 0.17005467079351499584894117637260030554216181834357
1.1501168432034385 0.16561400231104313605404223328649296953750049421511
1.216456865211391 0.15994069584640853595891930025153093701613044795778
1.2866234536643295 0.15319694667327492386098902940102215160559574987753
1.3608373291817941 0.14557036050150763149833580211534683149089754626946
1.4393319437947847 0.13724928310741255236134107785279135538719875662375
1.5223542153077718 0.12840707333143693474647933478233933133070098115507
1.6101653040195234 0.11920004948658828210910416063725857583001248550319
1.7030414342460602 0.10977345160486285639869367388381961974934363683509
1.8012747632299695 0.10026566726199785908393041711969142458107237664324
1.9051743001693728 0.090811155330203142361756576029515606482791046857423
2.0150668782575156 0.081539609944931818771836180970941901940362053239991
2.1312981827906787 0.072571543770337037020034402005487239771146575043111
2.254233838578508 0.064012568749081473478307960965624197717663655969498
2.384260560077375 0.055949072949103895682209938817347014340784321954221
2.521787367864719 0.048446047952040670163275544575845963434326419065497
2.6672468752809837 0.041547581588549108760683718690800187193137520847195
2.8210966492864964 0.035278691815629783367559846822668167639767707705508
2.983820649814087 0.029647608713907381990509119782073787770835758749821
3.155930752145174 0.024648355782393795176747458136126159586733245934507
3.337968357098197 0.020262958977012336306571575458156159121662286066881
3.5305060940945183 0.016463250727026086306663097479727250669888741257283
3.734149622459063 0.013212671486168978952539476730871998019350343489664
3.9495395366219865 0.010468158535406048459771687911601913686820442998684
4.1773533812145 0.0081821288573791132283850143168187311328634290737413
4.418307782397673 0.0063045877831421702567649030131212539205980422426625
4.67316070212865 0.0047850321938150772950991662751501584152125607010497
4.942713822455463 0.0035740696490902639589155571212823891450007814857759
5.227815067340638 0.0026246982744874400109789580241939301466844908596076
5.529361269946364 0.0018932355260946855375494509065722276343917706570089
5.848300993771691 0.0013399694812099164745228431716725431872717538683233
6.18563751651603 0.00092959260922749000235182400805814475234685951300126
6.542431986055249 0.00063142484406269971625077925698435732190818501082471
6.919806758457972 0.00041944983371866562577183705853023674710150246429967
7.318948928542405 0.00027216505462406848442813471768103372671895938253315
7.741114064079595 0.00017226754684376871807233856739658558829533348966524
8.187630155389696 0.00010621259432158406932154241258786035973933103468958
8.659901792755369 0.000063693494678454708040024599089151937623214167496067
9.159414584793037 0.000037091761173502491842239771024808728399576676586061
9.687739831680714 0.00002094219184755038705826568361279879669132597352303
10.24653946794283 0.000011445022426713748531043842995718353931711324348366
10.837571290340412 6.0441622936559287051631729528263227155931383630397e-6
11.462694487311765 3.0790876320733599443812738317891864753496239347338e-6
12.123875487357505 1.5102730771939537308012643478437078412569442612196e-6
12.823194144766912 7.1172876840334409160796239274336045993544126283386e-7
13.562850282143911 3.2145884354837145236726177751939482302245299251396e-7
14.345170610313243 1.387412836812186795198531139341352872569588232396e-7
15.172616047374529 5.7016854023254049264913241358062308662493686888529e-8
16.047789459927532 2.22131788273247736004634252818169492944040999266e-8
16.97344385081994 8.1614780737430592121550960139777780940778302807037e-9
17.95249101917357 2.8108951690623181889549701150681984478697906933786e-9
18.98801071993051 9.014961696413203562014804543953350842232629946822e-10
20.083260351732147 2.6753330802876096118489500018369882488666354230026e-10
21.241685203605808 7.308316980917209483223257257372880881522947599887e-11
22.466929292691763 1.8336727232458677581672006150168701486782433625809e-11
23.762846827102347 4.2352500074216607287943267207700293629057219815204e-12